   1.0000000e+00  -1.4000000e+01   1.5000000e+00  -4.5000000e+00  -1.4000000e+01   1.5000000e+00   1.5000000e+00  -1.0000000e+01   1.5000000e+00  -4.5000000e+00  -1.0000000e+01   1.5000000e+00   1.5000000e+00  -1.4000000e+01  -5.0000000e-01  -4.5000000e+00  -1.4000000e+01  -5.0000000e-01   1.5000000e+00  -1.0000000e+01  -5.0000000e-01  -4.5000000e+00  -1.0000000e+01  -5.0000000e-01   1.5000000e+00
   1.0200000e+02  -1.3624512e+01   2.8340998e+00  -4.0129070e+00  -1.4160095e+01   8.3963454e-01   1.6204987e+00  -9.6437864e+00   2.8686223e+00  -3.6222260e+00  -1.0179369e+01   8.7415713e-01   2.0111797e+00  -1.3543372e+01   9.4790930e-01  -4.6729841e+00  -1.4078955e+01  -1.0465559e+00   9.6042132e-01  -9.5626459e+00   9.8243189e-01  -4.2823033e+00  -1.0098229e+01  -1.0120332e+00   1.3511024e+00
   2.0300000e+02  -1.3343840e+01   3.9714408e+00  -3.0179944e+00  -1.4280683e+01   2.0916632e-01   1.5610465e+00  -9.4096346e+00   3.8607762e+00  -2.3040063e+00  -1.0346477e+01   9.8501697e-02   2.2750347e+00  -1.3162216e+01   2.4144588e+00  -4.2600975e+00  -1.4099059e+01  -1.3478156e+00   3.1894344e-01  -9.2280111e+00   2.3037941e+00  -3.5461094e+00  -1.0164853e+01  -1.4584802e+00   1.0329314e+00
   3.0400000e+02  -1.3142638e+01   4.7384114e+00  -1.6233339e+00  -1.4366792e+01  -3.3194831e-01   1.3419483e+00  -9.2695990e+00   4.3394628e+00  -7.0659769e-01  -1.0493752e+01  -7.3089713e-01   2.2586844e+00  -1.2853873e+01   3.6878381e+00  -3.3005071e+00  -1.4078027e+01  -1.3825217e+00  -3.3522496e-01  -8.9808331e+00   3.2888894e+00  -2.3837709e+00  -1.0204988e+01  -1.7814705e+00   5.8151132e-01
   4.0500000e+02  -1.2992107e+01   5.0136161e+00   2.0290356e-02  -1.4424011e+01  -7.2843081e-01   1.0095062e+00  -9.1871357e+00   4.2287607e+00   9.7223401e-01  -1.0619040e+01  -1.5132862e+00   1.9614499e+00  -1.2601297e+01   4.5863633e+00  -1.8940563e+00  -1.4033202e+01  -1.1556833e+00  -9.0484041e-01  -8.7963266e+00   3.8015082e+00  -9.4211268e-01  -1.0228230e+01  -1.9405386e+00   4.7103215e-02
   5.0600000e+02  -1.2851851e+01   4.7312489e+00   1.7382860e+00  -1.4459527e+01  -9.4364256e-01   6.3783944e-01  -9.1187887e+00   3.5229480e+00   2.5156245e+00  -1.0726465e+01  -2.1519434e+00   1.4151779e+00  -1.2373435e+01   4.9694428e+00  -1.8898728e-01  -1.3981112e+01  -7.0544869e-01  -1.2894340e+00  -8.6403732e+00   3.7611418e+00   5.8835125e-01  -1.0248050e+01  -1.9137496e+00  -5.1209533e-01
   6.0700000e+02  -1.2671330e+01   3.8796952e+00   3.3457022e+00  -1.4481216e+01  -9.7675914e-01   3.2259721e-01  -9.0172358e+00   2.2931242e+00   3.7067921e+00  -1.0827122e+01  -2.5633299e+00   6.8368727e-01  -1.2125498e+01   4.7457933e+00   1.6275809e+00  -1.3935385e+01  -1.1066087e-01  -1.3955241e+00  -8.4714031e+00   3.1592226e+00   1.9886709e+00  -1.0281290e+01  -1.6972317e+00  -1.0344341e+00
   7.0800000e+02  -1.2391357e+01   2.5009894e+00   4.6535535e+00  -1.4493870e+01  -8.7894762e-01   1.6406928e-01  -8.8366671e+00   6.9199079e-01   4.3507390e+00  -1.0939179e+01  -2.6879463e+00  -1.3874494e-01  -1.1799859e+01   3.8839393e+00   3.3353806e+00  -1.3902371e+01   5.0400221e-01  -1.1541035e+00  -8.2451687e+00   2.0749407e+00   3.0325663e+00  -1.0347681e+01  -1.3049965e+00  -1.4569178e+00
   8.0900000e+02  -1.1947403e+01   6.9933152e-01   5.4708624e+00  -1.4491790e+01  -7.6212227e-01   2.3729333e-01  -8.5420265e+00  -1.0433656e+00   4.3019228e+00  -1.1086413e+01  -2.5048194e+00  -9.3164611e-01  -1.1329721e+01   2.4323738e+00   4.6866212e+00  -1.3874108e+01   9.7091997e-01  -5.4694808e-01  -7.9243450e+00   6.8967658e-01   3.5176816e+00  -1.0468733e+01  -7.7177715e-01  -1.7158874e+00
   9.1000000e+02  -1.1279117e+01  -1.3345251e+00   5.6147676e+00  -1.4448385e+01  -7.8840464e-01   5.4944509e-01  -8.1239767e+00  -2.5964000e+00   3.5046110e+00  -1.1293244e+01  -2.0502796e+00  -1.5607114e+00  -1.0650434e+01   5.5459613e-01   5.4250898e+00  -1.3819701e+01   1.1007167e+00   3.5976732e-01  -7.4952927e+00  -7.0727879e-01   3.3149333e+00  -1.0664561e+01  -1.6115828e-01  -1.7503891e+00
   1.0110000e+03  -1.0352748e+01  -3.2905502e+00   4.9530573e+00  -1.4307645e+01  -1.1227658e+00   9.9584931e-01  -7.6188955e+00  -3.6026294e+00   2.0498421e+00  -1.1573793e+01  -1.4348450e+00  -1.9073659e+00  -9.7253723e+00  -1.4321885e+00   5.3440709e+00  -1.3680270e+01   7.3559588e-01   1.3868628e+00  -6.9915199e+00  -1.7442677e+00   2.4408555e+00  -1.0946418e+01   4.2351675e-01  -1.5163524e+00
   1.1120000e+03  -9.1984596e+00  -4.7413597e+00   3.4999437e+00  -1.3989769e+01  -1.8396267e+00   1.3497581e+00  -7.1240988e+00  -3.7392623e+00   2.2995439e-01  -1.1915409e+01  -8.3752936e-01  -1.9202311e+00  -8.5872974e+00  -3.0640438e+00   4.4016604e+00  -1.3378607e+01  -1.6231081e-01   2.2514749e+00  -6.5129371e+00  -2.0619464e+00   1.1316710e+00  -1.1304247e+01   8.3978659e-01  -1.0185145e+00
   1.2130000e+03  -7.9434147e+00  -5.2527876e+00   1.5310683e+00  -1.3424951e+01  -2.8206027e+00   1.3380719e+00  -6.7850728e+00  -2.8806388e+00  -1.4741195e+00  -1.2266608e+01  -4.4845417e-01  -1.6671160e+00  -7.3724685e+00  -3.8614042e+00   2.8494282e+00  -1.2854004e+01  -1.4292195e+00   2.6564317e+00  -6.2141261e+00  -1.4892555e+00  -1.5575963e-01  -1.1695662e+01   9.4292915e-01  -3.4875613e-01
   1.3140000e+03  -6.7959709e+00  -4.6153092e+00  -4.0996403e-01  -1.2607050e+01  -3.7468107e+00   8.0538315e-01  -6.7371864e+00  -1.2335893e+00  -2.5455005e+00  -1.2548265e+01  -3.6509097e-01  -1.3301533e+00  -6.2989149e+00  -3.5871150e+00   1.2319106e+00  -1.2109994e+01  -2.7186167e+00   2.4472578e+00  -6.2401304e+00  -2.0539531e-01  -9.0362585e-01  -1.2051209e+01   6.6310304e-01   3.1172135e-01
   1.4150000e+03  -5.9597092e+00  -3.0309389e+00  -1.7202094e+00  -1.1620885e+01  -4.2560239e+00  -1.5488011e-01  -7.0315018e+00   7.0282918e-01  -2.6742723e+00  -1.2692677e+01  -5.2225590e-01  -1.1089431e+00  -5.5700617e+00  -2.4410367e+00   1.5067017e-01  -1.1231237e+01  -3.6661217e+00   1.7159995e+00  -6.6418543e+00   1.2927314e+00  -8.0339283e-01  -1.2303030e+01   6.7646310e-02   7.6193649e-01
   1.5160000e+03  -5.5372391e+00  -1.0435928e+00  -2.0382533e+00  -1.0605953e+01  -4.1547198e+00  -1.2451415e+00  -7.6117468e+00   2.3733160e+00  -1.8928099e+00  -1.2680461e+01  -7.3781109e-01  -1.0996979e+00  -5.2736988e+00  -9.6791744e-01  -5.7137635e-02  -1.0342413e+01  -4.0790443e+00   7.3597425e-01  -7.3482060e+00   2.4489913e+00   8.8305935e-02  -1.2416921e+01  -6.6213572e-01   8.8141781e-01
   1.6170000e+03  -5.5064893e+00   7.4061185e-01  -1.3777788e+00  -9.6881132e+00  -3.4936428e+00  -2.1427047e+00  -8.3608723e+00   3.3998969e+00  -4.9420744e-01  -1.2542496e+01  -8.3435774e-01  -1.2591333e+00  -5.3642302e+00   2.5076562e-01   5.5608082e-01  -9.5458536e+00  -3.9834890e+00  -2.0884508e-01  -8.2186136e+00   2.9100506e+00   1.4396522e+00  -1.2400237e+01  -1.3242040e+00   6.7472625e-01
   1.7180000e+03  -5.7687941e+00   1.8925602e+00  -3.0833859e-02  -8.9388895e+00  -2.4817359e+00  -2.6415858e+00  -9.1635571e+00   3.6489019e+00   1.1485072e+00  -1.2333653e+01  -7.2539425e-01  -1.4622446e+00  -5.7210093e+00   8.4243447e-01   1.6706221e+00  -8.8911057e+00  -3.5318618e+00  -9.4012988e-01  -9.1157732e+00   2.5987761e+00   2.8499632e+00  -1.2285869e+01  -1.7755201e+00   2.3921129e-01
   1.8190000e+03  -6.2081633e+00   2.2302217e+00   1.6086866e+00  -8.3770275e+00  -1.3618194e+00  -2.6800508e+00  -9.9376678e+00   3.1684022e+00   2.7089653e+00  -1.2106532e+01  -4.2363882e-01  -1.5797721e+00  -6.2141099e+00   6.9845325e-01   2.8946297e+00  -8.3829746e+00  -2.8935878e+00  -1.3941076e+00  -9.9436150e+00   1.6366338e+00   3.9949086e+00  -1.2112479e+01  -1.9554073e+00  -2.9382885e-01
   1.9200000e+03  -6.7248778e+00   1.7739395e+00   3.1728263e+00  -7.9888425e+00  -3.3623478e-01  -2.2997925e+00  -1.0635010e+01   2.1044490e+00   3.9484758e+00  -1.1898974e+01  -5.7252147e-03  -1.5241431e+00  -6.7392111e+00  -9.0981804e-02   3.8952274e+00  -8.0031757e+00  -2.2011561e+00  -1.5773916e+00  -1.0649343e+01   2.3952776e-01   4.6708770e+00  -1.1913307e+01  -1.8706465e+00  -8.0174214e-01
   2.0210000e+03  -7.2450943e+00   6.7377484e-01   4.3776836e+00  -7.7465982e+00   4.5406649e-01  -1.5972825e+00  -1.1230907e+01   6.4706415e-01   4.7132115e+00  -1.1732411e+01   4.2735577e-01  -1.2617546e+00  -7.2256517e+00  -1.3248392e+00   4.4495440e+00  -7.7271552e+00  -1.5445476e+00  -1.5254225e+00  -1.1211465e+01  -1.3515499e+00   4.7850718e+00  -1.1712969e+01  -1.5712583e+00  -1.1898946e+00
   2.1220000e+03  -7.7195330e+00  -8.5074514e-01   5.0388732e+00  -7.6189404e+00   9.2452151e-01  -6.9159859e-01  -1.1715208e+01  -9.9662632e-01   4.9235401e+00  -1.1614615e+01   7.7864039e-01  -8.0693167e-01  -7.6328068e+00  -2.7598038e+00   4.4489808e+00  -7.5322142e+00  -9.8453718e-01  -1.2814914e+00  -1.1628482e+01  -2.9056849e+00   4.3336477e+00  -1.1527889e+01  -1.1304183e+00  -1.3968245e+00
   2.2230000e+03  -8.1198626e+00  -2.5531306e+00   5.0685844e+00  -7.5751872e+00   1.0366234e+00   2.9187033e-01  -1.2087828e+01  -2.6178143e+00   4.5675182e+00  -1.1543153e+01   9.7193962e-01  -2.0919579e-01  -7.9442220e+00  -4.1553602e+00   3.8845186e+00  -7.3995471e+00  -5.6560612e-01  -8.9219528e-01  -1.1912188e+01  -4.2200437e+00   3.3834524e+00  -1.1367513e+01  -6.3028979e-01  -1.3932614e+00
   2.3240000e+03  -8.4358435e+00  -4.1896682e+00   4.4657450e+00  -7.5865002e+00   7.9054052e-01   1.2290591e+00  -1.2357708e+01  -4.0201225e+00   3.6974800e+00  -1.1508365e+01   9.6008652e-01   4.6079397e-01  -8.1627302e+00  -5.3018656e+00   2.8261027e+00  -7.3133874e+00  -3.2165655e-01  -4.1058323e-01  -1.2084595e+01  -5.1323195e+00   2.0578377e+00  -1.1235252e+01  -1.5211055e-01  -1.1788484e+00
   2.4250000e+03  -8.6736097e+00  -5.5408483e+00   3.3033836e+00  -7.6260853e+00   2.2192818e-01   2.0021915e+00  -1.2543290e+01  -5.0356116e+00   2.4257100e+00  -1.1495766e+01   7.2716457e-01   1.1245179e+00  -8.3069077e+00  -6.0370631e+00   1.4009378e+00  -7.2593832e+00  -2.7428699e-01   9.9745691e-02  -1.2176588e+01  -5.5318270e+00   5.2326423e-01  -1.1129064e+01   2.3094939e-01  -7.7792788e-01
   2.5260000e+03  -8.8547382e+00  -6.4268794e+00   1.7149383e+00  -7.6696477e+00  -5.9846455e-01   2.5055962e+00  -1.2673041e+01  -5.5421634e+00   9.1628969e-01  -1.1487951e+01   2.8625149e-01   1.7069474e+00  -8.4085417e+00  -6.2541714e+00  -2.2698863e-01  -7.2234507e+00  -4.2575619e-01   5.6366915e-01  -1.2226845e+01  -5.3694553e+00  -1.0256371e+00  -1.1041754e+01   4.5895982e-01  -2.3497944e-01
   2.6270000e+03  -9.0157528e+00  -6.7190738e+00  -1.1890542e-01  -7.6968331e+00  -1.5644242e+00   2.6541865e+00  -1.2784985e+01  -5.4806924e+00  -6.2812376e-01  -1.1466064e+01  -3.2604268e-01   2.1449680e+00  -8.5108366e+00  -5.9040065e+00  -1.8741050e+00  -7.1919174e+00  -7.4935693e-01   8.9898682e-01  -1.2280068e+01  -4.6656251e+00  -2.3833234e+00  -1.0961149e+01   4.8902461e-01   3.8976848e-01
   2.7280000e+03  -9.2076988e+00  -6.3498454e+00  -1.9815396e+00  -7.6941838e+00  -2.5354140e+00   2.3956039e+00  -1.2924299e+01  -4.8710389e+00  -1.9851210e+00  -1.1410785e+01  -1.0566076e+00   2.3920226e+00  -8.6671476e+00  -4.9946227e+00  -3.3494489e+00  -7.1536331e+00  -1.1801912e+00   1.0276946e+00  -1.2383748e+01  -3.5158165e+00  -3.3530304e+00  -1.0870234e+01   2.9861516e-01   1.0241132e+00
   2.8290000e+03  -9.4948015e+00  -5.3259249e+00  -3.6305101e+00  -7.6600661e+00  -3.3423159e+00   1.7266384e+00  -1.3137653e+01  -3.8257332e+00  -2.9383745e+00  -1.1302918e+01  -1.8421239e+00   2.4187741e+00  -8.9394827e+00  -3.5938261e+00  -4.4620476e+00  -7.1047473e+00  -1.6102169e+00   8.9510095e-01  -1.2582335e+01  -2.0936341e+00  -3.7699120e+00  -1.0747600e+01  -1.1002499e-01   1.5872368e+00
   2.9300000e+03  -9.9495668e+00  -3.7501116e+00  -4.8120089e+00  -7.6115651e+00  -3.8029516e+00   7.1347350e-01  -1.3462141e+01  -2.5589745e+00  -3.3143399e+00  -1.1124140e+01  -2.6118147e+00   2.2111425e+00  -9.3945045e+00  -1.8409264e+00  -5.0286155e+00  -7.0565033e+00  -1.8937664e+00   4.9686727e-01  -1.2907080e+01  -6.4978939e-01  -3.5309463e+00  -1.0569077e+01  -7.0262951e-01   1.9945363e+00
   3.0310000e+03  -1.0638863e+01  -1.8516632e+00  -5.2940259e+00  -7.5916805e+00  -3.7555392e+00  -4.8882717e-01  -1.3906425e+01  -1.3808812e+00  -3.0353961e+00  -1.0859241e+01  -3.2847571e+00   1.7698027e+00  -1.0092000e+01   3.0314898e-02  -4.8951535e+00  -7.0448179e+00  -1.8735610e+00  -8.9954510e-02  -1.3359561e+01   5.0109696e-01  -2.6365235e+00  -1.0312379e+01  -1.4027789e+00   2.1686754e+00
   3.1320000e+03  -1.1593945e+01  -6.0021146e-03  -4.9384913e+00  -7.6710253e+00  -3.1176140e+00  -1.6326522e+00  -1.4425056e+01  -6.5288532e-01  -2.1877913e+00  -1.0502136e+01  -3.7644970e+00   1.1180480e+00  -1.1058893e+01   1.6731625e+00  -3.9929090e+00  -7.1359739e+00  -1.4384494e+00  -6.8706965e-01  -1.3890005e+01   1.0262792e+00  -1.2422088e+00  -9.9670849e+00  -2.0853326e+00   2.0636306e+00
   3.2330000e+03  -1.2765281e+01   1.3100318e+00  -3.8146901e+00  -7.9329467e+00  -1.9612670e+00  -2.4192858e+00  -1.4898980e+01  -6.7228734e-01  -1.0728406e+00  -1.0066646e+01  -3.9435861e+00   3.2256380e-01  -1.2248342e+01   2.6622739e+00  -2.4347572e+00  -7.4160075e+00  -6.0902482e-01  -1.0393529e+00  -1.4382040e+01   6.7995483e-01   3.0709231e-01  -9.5497065e+00  -2.5913439e+00   1.7024968e+00
   3.3340000e+03  -1.3989723e+01   1.6895819e+00  -2.2873902e+00  -8.4340153e+00  -5.5342627e-01  -2.6083670e+00  -1.5152473e+01  -1.4943552e+00  -1.6358350e-01  -9.5967665e+00  -3.7373633e+00  -4.8456028e-01  -1.3507583e+01   2.6417513e+00  -5.9596646e-01  -7.9518747e+00   3.9874318e-01  -9.1694325e-01  -1.4670334e+01  -5.4218584e-01   1.5278401e+00  -9.1146259e+00  -2.7851939e+00   1.2068634e+00
   3.4350000e+03  -1.5023433e+01   1.0517114e+00  -9.4032401e-01  -9.1568956e+00   7.1768171e-01  -2.1536555e+00  -1.5029140e+01  -2.8117869e+00   9.5701054e-02  -9.1626034e+00  -3.1458166e+00  -1.1176304e+00  -1.4603951e+01   1.5576242e+00   9.4861442e-01  -8.7374153e+00   1.2235945e+00  -2.6471704e-01  -1.4609659e+01  -2.3058741e+00   1.9846394e+00  -8.7431221e+00  -2.6399038e+00   7.7130800e-01
   3.5360000e+03  -1.5655132e+01  -2.3890133e-01  -2.8753373e-01  -1.0001649e+01   1.5287642e+00  -1.2432956e+00  -1.4487453e+01  -4.0612273e+00  -4.4985396e-01  -8.8339691e+00  -2.2935619e+00  -1.4056158e+00  -1.5326785e+01  -2.2237229e-01   1.6852601e+00  -9.6733017e+00   1.5452933e+00   7.2949815e-01  -1.4159106e+01  -4.0446987e+00   1.5229398e+00  -8.5056229e+00  -2.2770329e+00   5.6717789e-01
   3.6370000e+03  -1.5814789e+01  -1.5637518e+00  -4.8594022e-01  -1.0836741e+01   1.7717465e+00  -1.8017368e-01  -1.3626983e+01  -4.7286372e+00  -1.5800176e+00  -8.6489353e+00  -1.3931388e+00  -1.2742510e+00  -1.5591324e+01  -2.0733624e+00   1.4350909e+00  -1.0613276e+01   1.2621360e+00   1.7408575e+00  -1.3403518e+01  -5.2382479e+00   3.4101352e-01  -8.4254704e+00  -1.9027494e+00   6.4678007e-01
   3.7380000e+03  -1.5581523e+01  -2.3956866e+00  -1.3069705e+00  -1.1564265e+01   1.5387368e+00   7.8634036e-01  -1.2621465e+01  -4.5894790e+00  -2.8643169e+00  -8.6042061e+00  -6.5505570e-01  -7.7100605e-01  -1.5453609e+01  -3.4334021e+00   3.9795902e-01  -1.1436351e+01   5.0102144e-01   2.4912698e+00  -1.2493550e+01  -5.6271944e+00  -1.1593874e+00  -8.4762926e+00  -1.6927711e+00   9.3392348e-01
   3.8390000e+03  -1.5108019e+01  -2.5015714e+00  -2.3344619e+00  -1.2145330e+01   9.9952650e-01   1.5339733e+00  -1.1631886e+01  -3.7203598e+00  -3.8936458e+00  -8.6691980e+00  -2.1926197e-01  -2.5210362e-02  -1.5046015e+01  -4.0071187e+00  -1.0193644e+00  -1.2083326e+01  -5.0602108e-01   2.8490710e+00  -1.1569882e+01  -5.2259073e+00  -2.5785480e+00  -8.6071939e+00  -1.7248095e+00   1.2898873e+00
   3.9400000e+03  -1.4543739e+01  -1.9290733e+00  -3.1748717e+00  -1.2585338e+01   3.0243349e-01   2.0390556e+00  -1.0763529e+01  -2.3711569e+00  -4.4055486e+00  -8.8051262e+00  -1.3964999e-01   8.0837852e-01  -1.4506967e+01  -3.7723989e+00  -2.3997595e+00  -1.2548565e+01  -1.5408921e+00   2.8141677e+00  -1.0726756e+01  -4.2144823e+00  -3.6304369e+00  -8.7683535e+00  -1.9829756e+00   1.5834905e+00
   4.0410000e+03  -1.3998202e+01  -8.9402938e-01  -3.5639989e+00  -1.2908659e+01  -4.5503375e-01   2.3198926e+00  -1.0066153e+01  -8.3986348e-01  -4.2961531e+00  -8.9766092e+00  -4.0086785e-01   1.5877383e+00  -1.3944859e+01  -2.8884852e+00  -3.4250708e+00  -1.2855316e+01  -2.4494894e+00   2.4588206e+00  -1.0012809e+01  -2.8343191e+00  -4.1572251e+00  -8.9232664e+00  -2.3953235e+00   1.7266663e+00
   4.1420000e+03  -1.3536073e+01   3.2692537e-01  -3.3851135e+00  -1.3141402e+01  -1.2128100e+00   2.4005110e+00  -9.5502892e+00   5.9834725e-01  -3.5847721e+00  -9.1556196e+00  -9.4138819e-01   2.2008524e+00  -1.3430829e+01  -1.6013283e+00  -3.9054613e+00  -1.3036159e+01  -3.1410637e+00   1.8801632e+00  -9.4450455e+00  -1.3299063e+00  -4.1051202e+00  -9.0503759e+00  -2.8696418e+00   1.6805046e+00
   4.2430000e+03  -1.3185005e+01   1.4665319e+00  -2.6463163e+00  -1.3304523e+01  -1.9265132e+00   2.3006990e+00  -9.2022762e+00   1.7207814e+00  -2.3757105e+00  -9.3217945e+00  -1.6722637e+00   2.5713048e+00  -1.3003675e+01  -1.7804836e-01  -3.7699156e+00  -1.3123194e+01  -3.5710936e+00   1.1770998e+00  -9.0209465e+00   7.6201163e-02  -3.4993098e+00  -9.1404648e+00  -3.3168440e+00   1.4477054e+00
   4.3440000e+03  -1.2945196e+01   2.3054717e+00  -1.4469968e+00  -1.3413384e+01  -2.5538146e+00   2.0412886e+00  -8.9936895e+00   2.3682308e+00  -8.2921022e-01  -9.4618788e+00  -2.4910553e+00   2.6590753e+00  -1.2676785e+01   1.1327032e+00  -3.0446732e+00  -1.3144975e+01  -3.7265830e+00   4.4361237e-01  -8.7252789e+00   1.1954623e+00  -2.4268866e+00  -9.1934681e+00  -3.6638238e+00   1.0613990e+00
   4.4450000e+03  -1.2797147e+01   2.6906624e+00   5.5247210e-02  -1.3479966e+01  -3.0520425e+00   1.6537149e+00  -8.8865080e+00   2.4499080e+00   8.6081928e-01  -9.5693283e+00  -3.2927966e+00   2.4592869e+00  -1.2443703e+01   2.1239049e+00  -1.8299222e+00  -1.3126523e+01  -3.6187999e+00  -2.3145445e-01  -8.5330648e+00   1.8831507e+00  -1.0243502e+00  -9.2158842e+00  -3.8595541e+00   5.7411760e-01
   4.5460000e+03  -1.2707379e+01   2.5407622e+00   1.6739540e+00  -1.3515409e+01  -3.3846083e+00   1.1870549e+00  -8.8361826e+00   1.9460884e+00   2.4864802e+00  -9.6442127e+00  -3.9792821e+00   1.9995811e+00  -1.2282040e+01   2.6431236e+00  -2.7761179e-01  -1.3090071e+01  -3.2822468e+00  -7.6451093e-01  -8.4108438e+00   2.0484498e+00   5.3491449e-01  -9.2188740e+00  -3.8769207e+00   4.8015334e-02
   4.6470000e+03  -1.2632525e+01   1.8430994e+00   3.2179940e+00  -1.3531627e+01  -3.5325027e+00   7.0910573e-01  -8.7941713e+00   9.0839398e-01   3.8451786e+00  -9.6932716e+00  -4.4672079e+00   1.3362905e+00  -1.2156145e+01   2.5986078e+00   1.4285055e+00  -1.3055246e+01  -2.7769945e+00  -1.0803827e+00  -8.3177910e+00   1.6639023e+00   2.0556903e+00  -9.2168913e+00  -3.7116997e+00  -4.5319799e-01
   4.7480000e+03  -1.2522109e+01   6.4538139e-01   4.5092998e+00  -1.3541213e+01  -3.5071232e+00   3.0000865e-01  -8.7108746e+00  -5.4297549e-01   4.7588935e+00  -9.7299786e+00  -4.6954799e+00   5.4960245e-01  -1.2018894e+01   1.9610677e+00   3.0895307e+00  -1.3037998e+01  -2.1914370e+00  -1.1197604e+00  -8.2076597e+00   7.7271080e-01   3.3391247e+00  -9.2267637e+00  -3.3797939e+00  -8.7016666e-01
   4.8490000e+03  -1.2320282e+01  -9.5363653e-01   5.3934116e+00  -1.3555003e+01  -3.3607323e+00   3.7914097e-02  -8.5396566e+00  -2.2251675e+00   5.0932865e+00  -9.7743769e+00  -4.6322632e+00  -2.6221105e-01  -1.1813011e+01   7.6450557e-01   4.5042191e+00  -1.3047732e+01  -1.6425902e+00  -8.5127878e-01  -8.0323858e+00  -5.0702542e-01   4.2040939e+00  -9.2671061e+00  -2.9141212e+00  -1.1514039e+00
   4.9500000e+03  -1.1967357e+01  -2.8091149e+00   5.7444305e+00  -1.3576635e+01  -3.1901538e+00  -2.3154210e-02  -8.2429495e+00  -3.9016743e+00   4.7774224e+00  -9.8522282e+00  -4.2827134e+00  -9.9016207e-01  -1.1472943e+01  -8.8936323e-01   5.4796491e+00  -1.3082222e+01  -1.2704022e+00  -2.8793558e-01  -7.7485361e+00  -1.9819227e+00   4.5126410e+00  -9.3578148e+00  -2.3629618e+00  -1.2549435e+00
   5.0510000e+03  -1.1403542e+01  -4.7256837e+00   5.4707718e+00  -1.3593851e+01  -3.1273305e+00   1.1840677e-01  -7.8020225e+00  -5.2962918e+00   3.8265502e+00  -9.9923315e+00  -3.6979389e+00  -1.5258149e+00  -1.0930030e+01  -2.8191836e+00   5.8463297e+00  -1.3120338e+01  -1.2208304e+00   4.9396434e-01  -7.3285103e+00  -3.3897920e+00   4.2021079e+00  -9.5188198e+00  -1.7914388e+00  -1.1502573e+00
   5.1520000e+03  -1.0579966e+01  -6.4446087e+00   4.5347638e+00  -1.3567966e+01  -3.3075886e+00   3.8374394e-01  -7.2319689e+00  -6.1199365e+00   2.3701608e+00  -1.0219968e+01  -2.9829166e+00  -1.7808590e+00  -1.0126409e+01  -4.7474890e+00   5.4908347e+00  -1.3114408e+01  -1.6104691e+00   1.3398150e+00  -6.7784123e+00  -4.4228172e+00   3.3262320e+00  -9.7664118e+00  -1.2857971e+00  -8.2478791e-01
   5.2530000e+03  -9.4836779e+00  -7.6411448e+00   3.0013337e+00  -1.3427712e+01  -3.8077829e+00   6.0343355e-01  -6.6001983e+00  -6.1271219e+00   6.7899048e-01  -1.0544233e+01  -2.2937601e+00  -1.7189097e+00  -9.0443525e+00  -6.3016701e+00   4.4200654e+00  -1.2988387e+01  -2.4683080e+00   2.0221653e+00  -6.1608725e+00  -4.7876472e+00   2.0977223e+00  -1.0104907e+01  -9.5428503e-01  -3.0017790e-01
   5.3540000e+03  -8.1765633e+00  -7.9770803e+00   1.1109827e+00  -1.3080931e+01  -4.5652490e+00   5.5727881e-01  -6.0364671e+00  -5.2172871e+00  -8.3928102e-01  -1.0940834e+01  -1.8054556e+00  -1.3929849e+00  -7.7494082e+00  -7.0812645e+00   2.8473732e+00  -1.2653775e+01  -3.6694331e+00   2.2936695e+00  -5.6093116e+00  -4.3214712e+00   8.9710963e-01  -1.0513679e+01  -9.0963984e-01   3.4340578e-01
   5.4550000e+03  -6.8241339e+00  -7.2509794e+00  -6.8585038e-01  -1.2457027e+01  -5.3343549e+00   8.6842805e-02  -5.7095160e+00  -3.5541060e+00  -1.7302430e+00  -1.1342410e+01  -1.6374815e+00  -9.5754975e-01  -6.4192791e+00  -6.8325047e+00   1.2275162e+00  -1.2052173e+01  -4.9158802e+00   2.0002093e+00  -5.3046613e+00  -3.1356316e+00   1.8312360e-01  -1.0937555e+01  -1.2190069e+00   9.5581681e-01
   5.5560000e+03  -5.6655688e+00  -5.5916152e+00  -1.8410357e+00  -1.1566246e+01  -5.7666717e+00  -7.6801813e-01  -5.7557206e+00  -1.5956812e+00  -1.6848804e+00  -1.1656398e+01  -1.7707376e+00  -6.1186284e-01  -5.3059816e+00  -5.6603389e+00   1.2517241e-01  -1.1206658e+01  -5.8353958e+00   1.1981900e+00  -5.3961334e+00  -1.6644051e+00   2.8132766e-01  -1.1296810e+01  -1.8394616e+00   1.3543452e+00
   5.6570000e+03  -4.9093313e+00  -3.5031686e+00  -1.9736558e+00  -1.0521749e+01  -5.6119437e+00  -1.7416307e+00  -6.1993971e+00   6.8533048e-02  -7.1720147e-01  -1.1811815e+01  -2.0402422e+00  -4.8517641e-01  -4.6194730e+00  -4.0658703e+00  -7.6460749e-02  -1.0231891e+01  -6.1746454e+00   1.5556432e-01  -5.9095387e+00  -4.9416849e-01   1.1799935e+00  -1.1521956e+01  -2.6029437e+00   1.4120185e+00
   5.7580000e+03  -4.6302772e+00  -1.6453749e+00  -1.0821627e+00  -9.4880857e+00  -4.8741069e+00  -2.4882164e+00  -6.9401646e+00   9.9035013e-01   8.4588671e-01  -1.1797973e+01  -2.2383816e+00  -5.6016690e-01  -4.4203453e+00  -2.6965349e+00   6.0632509e-01  -9.2781534e+00  -5.9252667e+00  -7.9972857e-01  -6.7302322e+00  -6.0809948e-02   2.5343745e+00  -1.1588041e+01  -3.2895417e+00   1.1283209e+00
   5.8590000e+03  -4.7592149e+00  -5.2186394e-01   4.9063858e-01  -8.6000195e+00  -3.7791107e+00  -2.7710426e+00  -7.8191485e+00   1.0185051e+00   2.5556002e+00  -1.1659953e+01  -2.2387416e+00  -7.0608091e-01  -4.6173897e+00  -2.0145009e+00   1.8142400e+00  -8.4581947e+00  -5.2717476e+00  -1.4474412e+00  -7.6773238e+00  -4.7413188e-01   3.8792017e+00  -1.1518128e+01  -3.7313788e+00   6.1752045e-01
   5.9600000e+03  -5.1524134e+00  -3.2767367e-01   2.2666683e+00  -7.9211097e+00  -2.6222210e+00  -2.5363903e+00  -8.6950254e+00   2.5589752e-01   4.0300007e+00  -1.1463722e+01  -2.0386498e+00  -7.7305806e-01  -5.0488195e+00  -2.1524661e+00   3.0787036e+00  -7.8175163e+00  -4.4470134e+00  -1.7243550e+00  -8.5914326e+00  -1.5688947e+00   4.8420358e+00  -1.1360129e+01  -3.8634422e+00   3.8977243e-02
   6.0610000e+03  -5.6645398e+00  -9.8858470e-01   3.8199847e+00  -7.4530196e+00  -1.6445674e+00  -1.8695693e+00  -9.4771290e+00  -1.0668635e+00   5.0274763e+00  -1.1265609e+01  -1.7228462e+00  -6.6207761e-01  -5.5614176e+00  -2.9762104e+00   4.0167341e+00  -7.3498979e+00  -3.6321929e+00  -1.6728200e+00  -9.3740063e+00  -3.0544891e+00   5.2242260e+00  -1.1162487e+01  -3.7104719e+00  -4.6532825e-01
   6.1620000e+03  -6.1847444e+00  -2.2736278e+00   4.8599977e+00  -7.1637049e+00  -9.9207848e-01  -9.1921204e-01  -1.0121445e+01  -2.6881866e+00   5.4349198e+00  -1.1100405e+01  -1.4066373e+00  -3.4429008e-01  -6.0464916e+00  -4.2164478e+00   4.4057555e+00  -7.0254521e+00  -2.9348986e+00  -1.3734547e+00  -9.9831915e+00  -4.6310067e+00   4.9806776e+00  -1.0962152e+01  -3.3494575e+00  -7.9853266e-01
   6.2630000e+03  -6.6427045e+00  -3.8917401e+00   5.2393227e+00  -7.0099773e+00  -7.2599357e-01   1.5570568e-01  -1.0615146e+01  -4.3604522e+00   5.2344332e+00  -1.0982418e+01  -1.1947057e+00   1.5081631e-01  -6.4428520e+00  -5.5744543e+00   4.1769986e+00  -6.8101244e+00  -2.4087079e+00  -9.0661812e-01  -1.0415293e+01  -6.0431666e+00   4.1721091e+00  -1.0782565e+01  -2.8774199e+00  -9.1150749e-01
   6.3640000e+03  -7.0024867e+00  -5.5522938e+00   4.9321337e+00  -6.9491534e+00  -8.4654242e-01   1.2101635e+00  -1.0964270e+01  -5.8661675e+00   4.4785275e+00  -1.0910936e+01  -1.1604162e+00   7.5655764e-01  -6.7272549e+00  -6.7831130e+00   3.3799314e+00  -6.6739211e+00  -2.0773616e+00  -3.4203863e-01  -1.0689037e+01  -7.0969868e+00   2.9263256e+00  -1.0635704e+01  -2.3912354e+00  -7.9564452e-01
   6.4650000e+03  -7.2547607e+00  -6.9991198e+00   4.0071068e+00  -6.9432406e+00  -1.3118880e+00   2.1207471e+00  -1.1187199e+01  -7.0263677e+00   3.2755404e+00  -1.0875679e+01  -1.3391360e+00   1.3891808e+00  -6.9037614e+00  -7.6362772e+00   2.1440904e+00  -6.5922418e+00  -1.9490455e+00   2.5773081e-01  -1.0836200e+01  -7.6635251e+00   1.4125241e+00  -1.0524680e+01  -1.9762934e+00  -4.7383565e-01
   6.5660000e+03  -7.4106936e+00  -8.0294333e+00   2.6020217e+00  -6.9597654e+00  -2.0492790e+00   2.7875459e+00  -1.1311957e+01  -7.7097182e+00   1.7786627e+00  -1.0861030e+01  -1.7295642e+00   1.9641870e+00  -6.9954329e+00  -8.0000582e+00   6.4582741e-01  -6.5445046e+00  -2.0199037e+00   8.3135170e-01  -1.0896697e+01  -7.6803432e+00  -1.7753148e-01  -1.0445768e+01  -1.7001890e+00   7.9927957e-03
   6.6670000e+03  -7.4977307e+00  -8.5040970e+00   9.0089542e-01  -6.9717960e+00  -2.9608843e+00   3.1361105e+00  -1.1375020e+01  -7.8428402e+00   1.7332125e-01  -1.0849086e+01  -2.2996278e+00   2.4085364e+00  -7.0384684e+00  -7.8137703e+00  -9.1913944e-01  -6.5125332e+00  -2.2705579e+00   1.3160757e+00  -1.0915758e+01  -7.1525135e+00  -1.6467136e+00  -1.0389823e+01  -1.6093010e+00   5.8850151e-01
   6.7680000e+03  -7.5567369e+00  -8.3523436e+00  -8.8633198e-01  -6.9584351e+00  -3.9276137e+00   3.1216357e+00  -1.1420030e+01  -7.4196959e+00  -1.3392545e+00  -1.0821728e+01  -2.9949663e+00   2.6687131e+00  -7.0782304e+00  -7.0845962e+00  -2.3573344e+00  -6.4799285e+00  -2.6598666e+00   1.6506332e+00  -1.0941523e+01  -6.1519485e+00  -2.8102570e+00  -1.0343221e+01  -1.7272189e+00   1.1977106e+00
   6.8690000e+03  -7.6400242e+00  -7.5732737e+00  -2.5413151e+00  -6.9063897e+00  -4.8137240e+00   2.7356791e+00  -1.1495491e+01  -6.5079412e+00  -2.5624127e+00  -1.0761856e+01  -3.7483919e+00   2.7145813e+00  -7.1666932e+00  -5.8791237e+00  -3.4930580e+00  -6.4330587e+00  -3.1195743e+00   1.7839361e+00  -1.1022160e+01  -4.8137918e+00  -3.5141559e+00  -1.0288526e+01  -2.0542421e+00   1.7628384e+00
   6.9700000e+03  -7.8096981e+00  -6.2370324e+00  -3.8524017e+00  -6.8129797e+00  -5.4746680e+00   2.0149102e+00  -1.1650607e+01  -5.2508903e+00  -3.3280549e+00  -1.0653889e+01  -4.4885259e+00   2.5392573e+00  -7.3608432e+00  -4.3154955e+00  -4.1783252e+00  -6.3641248e+00  -3.5531311e+00   1.6889871e+00  -1.1201753e+01  -3.3293538e+00  -3.6539781e+00  -1.0205034e+01  -2.5669892e+00   2.2133338e+00
   7.0710000e+03  -8.1350174e+00  -4.4889784e+00  -4.6300941e+00  -6.6907816e+00  -5.7709846e+00   1.0506313e+00  -1.1928030e+01  -3.8636324e+00  -3.5246542e+00  -1.0483794e+01  -5.1456389e+00   2.1560714e+00  -7.7208838e+00  -2.5603468e+00  -4.3001342e+00  -6.2766480e+00  -3.8423531e+00   1.3805913e+00  -1.1513897e+01  -1.9350009e+00  -3.1946940e+00  -1.0069661e+01  -3.2170072e+00   2.4860313e+00
   7.1720000e+03  -8.6857033e+00  -2.5580783e+00  -4.7299023e+00  -6.5735168e+00  -5.5920386e+00  -4.0423209e-03  -1.2351604e+01  -2.6192088e+00  -3.1307020e+00  -1.0239417e+01  -5.6531687e+00   1.5951581e+00  -8.3054523e+00  -8.3288342e-01  -3.7922931e+00  -6.1932654e+00  -3.8668435e+00   9.3356705e-01  -1.1971352e+01  -8.9401382e-01  -2.1930926e+00  -9.8591652e+00  -3.9279740e+00   2.5327675e+00
   7.2730000e+03  -9.5155849e+00  -7.6213622e-01  -4.0935888e+00  -6.5208988e+00  -4.8935180e+00  -9.3708122e-01  -1.2907363e+01  -1.8141738e+00  -2.2526491e+00  -9.9126768e+00  -5.9455552e+00   9.0385872e-01  -9.1585131e+00   5.8946460e-01  -2.6633182e+00  -6.1638269e+00  -3.5419171e+00   4.9318969e-01  -1.2550291e+01  -4.6257296e-01  -8.2237810e-01  -9.5556049e+00  -4.5939546e+00   2.3341296e+00
   7.3740000e+03  -1.0630547e+01   5.1603311e-01  -2.8147933e+00  -6.6160512e+00  -3.7466772e+00  -1.5059271e+00  -1.3520297e+01  -1.6954671e+00  -1.1538873e+00  -9.5058012e+00  -5.9581776e+00   1.5497899e-01  -1.0281762e+01   1.3868661e+00  -1.0484413e+00  -6.2672677e+00  -2.8758442e+00   2.6042500e-01  -1.3171513e+01  -8.2463408e-01   6.1246490e-01  -9.1570177e+00  -5.0873442e+00   1.9213312e+00
   7.4750000e+03  -1.1944813e+01   9.2563212e-01  -1.2040478e+00  -6.9447002e+00  -2.3767276e+00  -1.5094781e+00  -1.4042071e+01  -2.3395181e+00  -2.3435551e-01  -9.0419579e+00  -5.6418777e+00  -5.3978580e-01  -1.1594851e+01   1.2762992e+00   7.3362058e-01  -6.5947375e+00  -2.0260606e+00   4.2819029e-01  -1.3692109e+01  -1.9888510e+00   1.7033129e+00  -8.6919956e+00  -5.2912107e+00   1.3978826e+00
   7.5760000e+03  -1.3257525e+01   3.3436176e-01   2.2995074e-01  -7.5508018e+00  -1.1371316e+00  -8.9610916e-01  -1.4280455e+01  -3.5303111e+00   9.6088462e-02  -8.5737314e+00  -5.0018044e+00  -1.0299715e+00  -1.2911285e+01   1.7471217e-01   2.1932719e+00  -7.2045617e+00  -1.2967812e+00   1.0672120e+00  -1.3934216e+01  -3.6899607e+00   2.0594096e+00  -8.2274914e+00  -5.1614537e+00   9.3334973e-01
   7.6770000e+03  -1.4303108e+01  -1.0010165e+00   9.7326678e-01  -8.3907461e+00  -3.7636486e-01   1.6469899e-01  -1.4087458e+01  -4.7665091e+00  -3.5885969e-01  -8.1750946e+00  -4.1418571e+00  -1.1674275e+00  -1.3980043e+01  -1.6428202e+00   2.8397386e+00  -8.0676813e+00  -1.0181687e+00   2.0311708e+00  -1.3764393e+01  -5.4083128e+00   1.5076122e+00  -7.8520308e+00  -4.7836614e+00   6.9904441e-01
   7.7780000e+03  -1.4879495e+01  -2.4880488e+00   8.0341327e-01  -9.3349304e+00  -2.6006985e-01   1.3455620e+00  -1.3455527e+01  -5.4896607e+00  -1.4242861e+00  -7.9109640e+00  -3.2616818e+00  -8.8213742e-01  -1.4601499e+01  -3.5816841e+00   2.4546797e+00  -9.0569353e+00  -1.3537050e+00   2.9968283e+00  -1.3177532e+01  -6.5832958e+00   2.2698021e-01  -7.6329684e+00  -4.3553171e+00   7.6912892e-01
   7.8790000e+03  -1.4954253e+01  -3.5154645e+00  -7.3208787e-02  -1.0232118e+01  -7.0748121e-01   2.3385670e+00  -1.2527748e+01  -5.3895364e+00  -2.6422403e+00  -7.8056116e+00  -2.5815532e+00  -2.3046464e-01  -1.4729757e+01  -5.0140901e+00   1.2320588e+00  -1.0007622e+01  -2.2061064e+00   3.6438346e+00  -1.2303251e+01  -6.8881617e+00  -1.3369728e+00  -7.5811152e+00  -4.0801783e+00   1.0748029e+00
   7.9800000e+03  -1.4651908e+01  -3.7647276e+00  -1.1797349e+00  -1.0980442e+01  -1.4961157e+00   2.9884467e+00  -1.1509447e+01  -4.5204782e+00  -3.5363815e+00  -7.8379817e+00  -2.2518663e+00   6.3180029e-01  -1.4468890e+01  -5.5772853e+00  -3.5442358e-01  -1.0797424e+01  -3.3086734e+00   3.8137581e+00  -1.1326429e+01  -6.3330359e+00  -2.7110701e+00  -7.6549640e+00  -4.0644240e+00   1.4571116e+00
   8.0810000e+03  -1.4156944e+01  -3.2755978e+00  -2.0441375e+00  -1.1548286e+01  -2.4091549e+00   3.2891710e+00  -1.0570685e+01  -3.1827514e+00  -3.8133528e+00  -7.9620271e+00  -2.3163085e+00   1.5199555e+00  -1.3987936e+01  -5.2540898e+00  -1.8053805e+00  -1.1379278e+01  -4.3876472e+00   3.5279279e+00  -1.0401677e+01  -5.1612434e+00  -3.5745959e+00  -7.7930183e+00  -4.2948008e+00   1.7587125e+00
   8.1820000e+03  -1.3628762e+01  -2.3157609e+00  -2.3694377e+00  -1.1951651e+01  -3.3061483e+00   3.3056331e+00  -9.8065033e+00  -1.7402300e+00  -3.3985627e+00  -8.1293917e+00  -2.7306173e+00   2.2765081e+00  -1.3441517e+01  -4.2672234e+00  -2.7653332e+00  -1.1764405e+01  -5.2576108e+00   2.9097376e+00  -9.6192579e+00  -3.6916924e+00  -3.7944584e+00  -7.9421458e+00  -4.6820798e+00   1.8806126e+00
   8.2830000e+03  -1.3168514e+01  -1.2215611e+00  -2.0609009e+00  -1.2224018e+01  -4.1161861e+00   3.1091156e+00  -9.2459202e+00  -5.0471783e-01  -2.3761580e+00  -8.3014231e+00  -3.3993430e+00   2.7938585e+00  -1.2935719e+01  -2.9363642e+00  -3.0635257e+00  -1.1991223e+01  -5.8309894e+00   2.1064909e+00  -9.0131254e+00  -2.2195210e+00  -3.3787827e+00  -8.0686283e+00  -5.1141462e+00   1.7912337e+00
   8.3840000e+03  -1.2821921e+01  -2.9466653e-01  -1.1803720e+00  -1.2398192e+01  -4.8049030e+00   2.7538650e+00  -8.8756924e+00   3.0433506e-01  -9.1869324e-01  -8.4519634e+00  -4.2059011e+00   3.0155439e+00  -1.2527184e+01  -1.5792098e+00  -2.6847253e+00  -1.2103455e+01  -6.0894461e+00   1.2495118e+00  -8.5809555e+00  -9.8020816e-01  -2.4230464e+00  -8.1572266e+00  -5.4904447e+00   1.5111907e+00
   8.4850000e+03  -1.2594015e+01   2.4459979e-01   1.1290340e-01  -1.2500384e+01  -5.3492422e+00   2.2808902e+00  -8.6598158e+00   5.6201828e-01   7.6199603e-01  -8.5661850e+00  -5.0318236e+00   2.9299829e+00  -1.2234092e+01  -4.6110997e-01  -1.7235140e+00  -1.2140461e+01  -6.0549517e+00   4.4447288e-01  -8.2998924e+00  -1.4369147e-01  -1.0744214e+00  -8.2062616e+00  -5.7375331e+00   1.0935656e+00
   8.5860000e+03  -1.2463471e+01   2.6998803e-01   1.6123617e+00  -1.2550860e+01  -5.7282190e+00   1.7301644e+00  -8.5513420e+00   2.2934750e-01   2.4451859e+00  -8.6387320e+00  -5.7688594e+00   2.5629885e+00  -1.2047583e+01   2.2551806e-01  -3.4341413e-01  -1.2134972e+01  -5.7726889e+00  -2.2561137e-01  -8.1354532e+00   1.8487751e-01   4.8941001e-01  -8.2228432e+00  -5.8133292e+00   6.0721278e-01
   8.6870000e+03  -1.2393284e+01  -2.5495917e-01   3.1019821e+00  -1.2566586e+01  -5.9259539e+00   1.1501155e+00  -8.4989090e+00  -6.5628129e-01   3.9222167e+00  -8.6722116e+00  -6.3272762e+00   1.9703501e+00  -1.1940377e+01   3.6663672e-01   1.2557713e+00  -1.2113681e+01  -5.3043580e+00  -6.9609535e-01  -8.0460024e+00  -3.4685396e-02   2.0760059e+00  -8.2193050e+00  -5.7056804e+00   1.2413930e-01
   8.7880000e+03  -1.2338029e+01  -1.2896516e+00   4.3836174e+00  -1.2563442e+01  -5.9408727e+00   6.0005659e-01  -8.4507027e+00  -1.9907174e+00   5.0138583e+00  -8.6761169e+00  -6.6419387e+00   1.2302978e+00  -1.1872703e+01  -7.5829297e-02   2.8637137e+00  -1.2098116e+01  -4.7270503e+00  -9.1984689e-01  -7.9853768e+00  -7.7689499e-01   3.4939549e+00  -8.2107906e+00  -5.4281163e+00  -2.8960574e-01
   8.8890000e+03  -1.2248495e+01  -2.7332780e+00   5.2951798e+00  -1.2556939e+01  -5.7958183e+00   1.4486803e-01  -8.3575525e+00  -3.6141899e+00   5.5859752e+00  -8.6659966e+00  -6.6767302e+00   4.3566343e-01  -1.1796200e+01  -1.0707887e+00   4.2795229e+00  -1.2104644e+01  -4.1333289e+00  -8.7078863e-01  -7.9052572e+00  -1.9517004e+00   4.5703182e+00  -8.2137022e+00  -5.0142407e+00  -5.7999319e-01
   8.9900000e+03  -1.2074288e+01  -4.4422541e+00   5.7205572e+00  -1.2560946e+01  -5.5450516e+00  -1.5711255e-01  -8.1760473e+00  -5.3248725e+00   5.5633926e+00  -8.6627054e+00  -6.4276700e+00  -3.1427705e-01  -1.1656420e+01  -2.5264993e+00   5.3265152e+00  -1.2143078e+01  -3.6292968e+00  -5.5115455e-01  -7.7581792e+00  -3.4091177e+00   5.1693506e+00  -8.2448368e+00  -4.5119152e+00  -7.0831907e-01
   9.0910000e+03  -1.1765049e+01  -6.2445521e+00   5.5929494e+00  -1.2584122e+01  -5.2747989e+00  -2.7123865e-01  -7.8723860e+00  -6.8949637e+00   4.9416890e+00  -8.6914587e+00  -5.9252105e+00  -9.2249876e-01  -1.1394574e+01  -4.2978244e+00   5.8631315e+00  -1.2213647e+01  -3.3280709e+00  -1.0562576e-03  -7.5019112e+00  -4.9482360e+00   5.2118716e+00  -8.3209839e+00  -3.9784825e+00  -6.5231639e-01
   9.1920000e+03  -1.1271529e+01  -7.9474373e+00   4.8957267e+00  -1.2623805e+01  -5.0939145e+00  -2.0611179e-01  -7.4278951e+00  -8.0896111e+00   3.7974262e+00  -8.7801714e+00  -5.2360878e+00  -1.3044122e+00  -1.0949915e+01  -6.1895370e+00   5.7936964e+00  -1.2302191e+01  -3.3360140e+00   6.9185823e-01  -7.1062803e+00  -6.3317103e+00   4.6953964e+00  -8.4585571e+00  -3.4781876e+00  -4.0644222e-01
   9.2930000e+03  -1.0549407e+01  -9.3379898e+00   3.6684179e+00  -1.2657655e+01  -5.1105485e+00  -3.0776337e-02  -6.8476639e+00  -8.6913929e+00   2.2976480e+00  -8.9559116e+00  -4.4639525e+00  -1.4015464e+00  -1.0265827e+01  -7.9560404e+00   5.0860915e+00  -1.2374074e+01  -3.7285995e+00   1.3868973e+00  -6.5640836e+00  -7.3094444e+00   3.7153215e+00  -8.6723309e+00  -3.0820036e+00   1.6127354e-02
   9.3940000e+03  -9.5709429e+00  -1.0184110e+01   2.0274427e+00  -1.2635181e+01  -5.3910952e+00   1.2023008e-01  -6.1733236e+00  -8.5376663e+00   7.0630407e-01  -9.2375622e+00  -3.7446525e+00  -1.2009085e+00  -9.3049335e+00  -9.3067541e+00   3.8049369e+00  -1.2369172e+01  -4.5137401e+00   1.8977244e+00  -5.9073138e+00  -7.6603107e+00   2.4837983e+00  -8.9715519e+00  -2.8672969e+00   5.7658577e-01
   9.4950000e+03  -8.3500443e+00  -1.0258825e+01   2.0404881e-01  -1.2476014e+01  -5.9046507e+00   7.1632847e-02  -5.4971461e+00  -7.5806837e+00  -6.2572926e-01  -9.6231165e+00  -3.2265091e+00  -7.5814521e-01  -8.0785131e+00  -9.9420414e+00   2.1600444e+00  -1.2204483e+01  -5.5878663e+00   2.0276284e+00  -5.2256150e+00  -7.2638998e+00   1.3302664e+00  -9.3515854e+00  -2.9097250e+00   1.1978503e+00
   9.5960000e+03  -6.9778624e+00  -9.4215708e+00  -1.4268734e+00  -1.2087708e+01  -6.4785342e+00  -3.1871462e-01  -4.9645348e+00  -5.9669123e+00  -1.3180400e+00  -1.0074380e+01  -3.0238755e+00  -2.0988128e-01  -6.6855283e+00  -9.6538382e+00   5.3796566e-01  -1.1795374e+01  -6.7108016e+00   1.6461245e+00  -4.6722007e+00  -6.1991796e+00   6.4679903e-01  -9.7820454e+00  -3.2561429e+00   1.7549578e+00
   9.6970000e+03  -5.6420364e+00  -7.7587037e+00  -2.3978708e+00  -1.1412704e+01  -6.8227820e+00  -1.0475223e+00  -4.7414074e+00  -4.0857096e+00  -1.0948037e+00  -1.0512075e+01  -3.1497879e+00   2.5554472e-01  -5.3303485e+00  -8.4866810e+00  -5.6132525e-01  -1.1101017e+01  -7.5507593e+00   7.8902322e-01  -4.4297199e+00  -4.8136873e+00   7.4174178e-01  -1.0200388e+01  -3.8777654e+00   2.0920904e+00
   9.7980000e+03  -4.5830598e+00  -5.6833911e+00  -2.3390768e+00  -1.0484981e+01  -6.6694107e+00  -1.8973887e+00  -4.9379258e+00  -2.4912856e+00   4.5149159e-02  -1.0839848e+01  -3.4773052e+00   4.8683727e-01  -4.2696590e+00  -6.8429556e+00  -7.3995513e-01  -1.0171580e+01  -7.8289752e+00  -2.9826704e-01  -4.6245255e+00  -3.6508501e+00   1.6442708e+00  -1.0526446e+01  -4.6368699e+00   2.0859590e+00
   9.8990000e+03  -3.9822931e+00  -3.8320694e+00  -1.2169951e+00  -9.4406796e+00  -5.9561706e+00  -2.5186145e+00  -5.5354557e+00  -1.6705599e+00   1.7688986e+00  -1.0993842e+01  -3.7946613e+00   4.6727926e-01  -3.6882198e+00  -5.3587184e+00   4.1123968e-02  -9.1466064e+00  -7.4828196e+00  -1.2604954e+00  -5.2413826e+00  -3.1972089e+00   3.0270178e+00  -1.0699769e+01  -5.3213100e+00   1.7253984e+00
   1.0000000e+04  -3.8674126e+00  -2.7635353e+00   6.0625613e-01  -8.4535465e+00  -4.8811355e+00  -2.6315129e+00  -6.3910894e+00  -1.8167880e+00   3.5617130e+00  -1.0977223e+01  -3.9343882e+00   3.2394397e-01  -3.6013188e+00  -4.5739689e+00   1.4134268e+00  -8.1874523e+00  -6.6915689e+00  -1.8243423e+00  -6.1249957e+00  -3.6272216e+00   4.3688836e+00  -1.0711129e+01  -5.7448215e+00   1.1311146e+00
